templeR0013.png 1520.400000 0.000000 302.320000 0.000000 1525.900000 246.870000 0.000000 0.000000 1.000000 0.11541167827420966000 0.99138900083137627000 0.06187078105613172400 -0.68405289691836879000 0.03416081723372646500 0.72863205583031487000 0.72024424935956100000 -0.12641553542381334000 0.68210507523987296000 -0.0193474918165 0.04321050765 0.589790751867
templeR0014.png 1520.400000 0.000000 302.320000 0.000000 1525.900000 246.870000 0.000000 0.000000 1.000000 0.12777196254899612000 0.99067700959105598000 0.04725873733079036200 -0.58073706790091917000 0.03610343749372974000 0.81329023095508723000 0.80400173106295025000 -0.13136058948124074000 0.57993586885009962000 -0.020311130356 0.0452044463785 0.583107596409
templeR0016.png 1520.400000 0.000000 302.320000 0.000000 1525.900000 246.870000 0.000000 0.000000 1.000000 0.14612892702451932000 0.98916969148300282000 0.01377164253398251200 -0.34504569459932793000 0.03791648656454157900 0.93781971011760457000 0.92714066102459869000 -0.14179443394584298000 0.34684943877257168000 -0.022314990573 0.046419784801 0.569254845159
templeR0043.png 1520.400000 0.000000 302.320000 0.000000 1525.900000 246.870000 0.000000 0.000000 1.000000 -0.08513547925382919400 -0.99399869748797920000 -0.06869162659612815200 0.80631333030563868000 -0.02823128526067348500 -0.59081452919165756000 0.58532961956802643000 -0.10568625229769273000 0.80387788409161853000 0.0278557511485 -0.0516471860246 0.598117193954
templeR0045.png 1520.400000 0.000000 302.320000 0.000000 1525.900000 246.870000 0.000000 0.000000 1.000000 -0.05439995112000559800 -0.99497063228547356000 -0.08410758709882369700 0.93391553816646533000 -0.02089350177384347000 -0.35688265460073498000 0.35333045847956862000 -0.09796378143513864700 0.93035513898593913000 0.0264760306379 -0.042897984106 0.609023113594
